
1	11
2	12
3	22
4	27
5	42
6	43
7	58
8	59
9	60
10	67
11	69
12	84
13	87
14	91
15	94
16	123
17	124
18	135
19	167
20	170
21	172
22	178
23	198
24	211
25	226
26	229
27	276
28	281
29	305
30	313
31	315
32	324
33	327
34	335
35	336
36	362
37	364
38	367
39	368
40	368
41	370
42	373
43	383
44	386
45	393
46	399
47	403
48	413
49	421
50	421
51	426
52	429
53	434
54	456
55	492
56	505
57	526
58	530
59	537
60	539
61	540
62	545
63	567
64	582
65	584
66	586
67	649
68	651
69	676
70	690
71	729
72	736
73	739
74	750
75	754
76	763
77	777
78	782
79	784
80	788
81	793
82	802
83	808
84	814
85	846
86	857
87	862
88	862
89	873
90	886
91	895
92	915
93	919
94	925
95	926
96	929
97	932
98	956
99	980
100	996

