1000	0.000814
2000	0.001797
3000	0.003128
4000	0.003791
5000	0.004069
6000	0.005440
7000	0.006477
8000	0.006432
9000	0.007381
10000	0.009065
11000	0.008999
12000	0.007992
13000	0.008031
14000	0.008608
15000	0.008748
16000	0.009444
17000	0.010066
18000	0.010027
19000	0.011028
20000	0.011315
21000	0.011152
22000	0.012006
23000	0.012707
24000	0.013622
25000	0.014795
26000	0.015841
27000	0.016719
28000	0.017289
29000	0.018534
30000	0.019329
31000	0.021349
32000	0.021863
33000	0.022493
34000	0.024883
35000	0.024676
36000	0.026051
37000	0.028458
38000	0.028809
39000	0.030009
40000	0.031580
41000	0.033314
42000	0.034661
43000	0.035613
44000	0.036646
45000	0.038092
46000	0.039175
47000	0.041307
48000	0.042552
49000	0.043906
50000	0.045829
51000	0.047321
52000	0.049223
53000	0.052274
54000	0.052689
55000	0.055155
56000	0.055606
57000	0.057076
58000	0.059930
59000	0.062518
60000	0.063142
61000	0.064623
62000	0.067147
63000	0.069257
64000	0.071262
65000	0.073905
66000	0.074806
67000	0.075921
68000	0.080363
69000	0.080221
70000	0.083001
71000	0.084355
72000	0.091238
73000	0.088838
74000	0.091718
75000	0.092997
76000	0.096291
77000	0.098939
78000	0.102580
79000	0.104060
80000	0.105900
81000	0.109330
82000	0.110716
83000	0.115479
84000	0.119060
85000	0.118898
86000	0.121841
87000	0.173101
88000	0.134401
89000	0.134130
90000	0.133506
91000	0.142795
92000	0.139842
93000	0.143683
94000	0.148091
95000	0.161012
96000	0.151833
97000	0.165597
98000	0.169182
99000	0.166026
100000	0.176445
101000	0.175042
102000	0.179206
103000	0.183145
104000	0.198302
105000	0.192915
106000	0.198619
107000	0.197969
108000	0.206689
109000	0.211316
110000	0.214774
111000	0.221805
112000	0.223096
113000	0.235976
114000	0.231665
115000	0.243264
116000	0.249527
117000	0.248460
118000	0.258482
119000	0.263203
120000	0.264539
121000	0.270080
122000	0.277828
123000	0.288792
124000	0.313872
125000	0.306890
126000	0.303689
127000	0.317031
128000	0.314747
129000	0.326785
130000	0.327421
131000	0.342407
132000	0.344129
133000	0.351148
134000	0.357198
135000	0.376655
136000	0.376746
137000	0.381112
138000	0.397466
139000	0.394472
140000	0.407144
141000	0.410022
142000	0.430047
143000	0.442366
144000	0.433622
145000	0.448268
146000	0.454320
147000	0.467196
148000	0.472294
149000	0.479628
150000	0.499782
151000	0.496390
152000	0.515404
153000	0.511369
154000	0.527733
155000	0.534648
156000	0.538402
157000	0.556493
158000	0.562960
159000	0.597256
160000	0.580247
161000	0.601534
162000	0.620394
163000	0.616141
164000	0.626054
165000	0.626922
166000	0.644596
167000	0.659065
168000	0.660015
169000	0.674731
170000	0.679669
171000	0.686382
172000	0.706722
173000	0.722741
174000	0.726882
175000	0.730782
176000	0.755034
177000	0.758045
178000	0.769236
179000	0.782236
180000	0.796774
181000	0.813364
182000	0.819357
183000	0.827588
184000	0.838605
185000	0.863061
186000	0.869142
187000	0.882181
188000	0.897136
189000	0.901023
190000	0.918483
191000	0.944716
192000	0.940580
193000	0.951739
194000	0.962080
195000	0.977383
196000	0.996776
197000	1.005648
198000	1.017021
199000	1.025614
200000	1.049931
201000	1.067725
202000	1.075585
203000	1.087898
204000	1.096152
205000	1.123027
206000	1.132592
207000	1.153215
208000	1.160679
209000	1.183849
210000	1.185259
211000	1.206375
212000	1.218433
213000	1.241118
214000	1.254923
215000	1.262393
216000	1.273628
217000	1.342696
218000	1.333303
219000	1.330247
220000	1.337461
221000	1.351220
222000	1.397895
223000	1.418880
224000	1.397277
225000	1.412218
226000	1.440207
227000	1.455438
228000	1.801520
229000	1.690718
230000	1.538621
231000	1.571821
232000	1.630979
233000	1.575838
234000	1.571647
235000	1.596816
236000	1.641020
237000	1.720594
238000	1.630417
239000	1.655293
240000	1.664563
241000	1.679341
242000	1.699342
243000	1.722788
244000	1.743940
245000	1.767635
246000	1.773678
247000	1.864230
248000	1.830344
249000	1.838308
250000	1.860953
251000	1.866132
252000	1.885323
253000	1.929730
254000	2.035088
255000	1.943452
256000	1.961933
257000	1.966140
258000	2.013692
259000	2.004516
260000	2.055857
261000	2.129326
262000	2.079049
263000	2.156369
264000	2.127949
265000	2.143250
266000	2.374693
267000	2.208743
268000	2.228098
269000	2.228042
270000	2.252505
271000	2.281292
272000	2.406828
273000	2.399436
274000	2.452945
275000	2.390656
276000	2.381259
277000	2.456693
278000	2.472272
279000	2.469880
280000	2.588855
281000	2.526886
282000	2.513637
283000	2.556273
284000	2.571039
285000	2.591061
286000	2.607076
287000	2.626094
288000	2.650486
289000	2.757444
290000	2.711249
291000	2.740919
292000	2.769818
293000	2.741635
294000	2.950753
295000	2.898459
296000	2.845665
297000	2.917694
298000	3.044217
299000	2.965146
300000	2.929682
301000	2.953876
302000	2.974094
303000	2.986808
304000	3.007747
305000	3.030556
306000	3.059125
307000	3.089130
308000	3.108056
309000	3.126058
310000	3.158760
311000	3.184352
312000	3.209396
313000	3.339163
314000	3.332620
315000	3.310576
316000	3.331454
317000	3.350733
318000	3.391693
319000	3.416549
320000	3.413744
321000	3.436565
322000	3.432523
323000	3.500968
324000	3.489062
325000	3.522206
326000	3.544172
327000	3.582016
328000	3.587165
329000	3.633248
330000	3.660628
331000	3.686615
332000	3.709852
333000	3.741314
334000	3.760576
335000	3.799423
336000	3.817243
337000	3.850760
338000	3.875415
339000	3.904061
340000	3.922077
341000	3.963758
342000	3.989947
343000	4.009317
344000	4.049473
345000	4.078952
346000	4.102722
347000	4.136282
348000	4.150427
349000	4.180731
350000	4.206637
351000	4.269344
352000	4.252206
353000	4.286425
354000	4.335379
355000	4.366791
356000	4.376855
357000	4.415998
358000	4.432632
359000	4.479241
360000	4.512338
361000	4.521386
362000	4.559565
363000	4.586712
364000	4.614746
365000	4.645220
366000	4.665908
367000	4.705293
368000	4.731266
369000	4.757822
370000	4.801272
371000	4.838311
372000	4.872602
373000	4.883553
374000	4.900551
375000	4.945673
376000	4.965328
377000	5.013457
378000	5.039745
379000	5.069493
380000	5.108380
381000	5.242590
382000	5.201006
383000	5.552130
384000	5.422166
385000	5.503910
386000	5.409575
387000	5.687688
388000	5.606246
389000	5.427467
390000	5.431838
391000	5.463809
392000	5.478317
393000	5.510210
394000	5.570008
395000	5.570654
396000	5.602544
397000	5.648215
398000	5.663196
399000	5.727563
400000	5.749696
401000	5.823959
402000	5.815511
403000	5.864301
404000	5.899710
405000	5.892995
406000	5.963992
407000	5.979359
408000	6.011414
409000	6.061254
410000	6.069816
411000	6.118658
412000	6.153799
413000	6.185525
414000	6.222109
415000	6.257493
416000	6.292476
417000	6.336359
418000	6.387524
419000	6.398936
420000	6.428405
421000	6.485160
422000	6.715670
423000	6.587372
424000	6.647900
425000	6.590318
426000	6.816359
427000	6.714031
428000	6.792119
429000	6.915174
430000	6.930878
431000	6.892510
432000	6.912219
433000	7.071833
434000	7.012827
435000	7.111248
436000	7.008623
437000	7.084430
438000	7.143113
439000	7.110208
440000	7.148269
441000	7.199639
442000	7.264098
443000	7.298608
444000	7.332058
445000	7.361970
446000	7.425048
447000	7.446169
448000	7.477008
449000	7.530505
450000	7.554628
451000	7.712431
452000	7.872436
453000	7.640403
454000	7.706264
455000	7.726557
456000	7.850084
457000	7.970315
458000	8.044931
459000	8.048436
460000	8.161252
461000	8.019087
462000	8.200778
463000	8.023630
464000	8.032951
465000	8.224782
466000	8.209478
467000	8.264310
468000	8.359141
469000	8.500728
470000	8.341141
471000	8.384584
472000	8.490629
