1000	0.007316
2000	0.015494
3000	0.033394
4000	0.059022
5000	0.092569
6000	0.133227
7000	0.182377
8000	0.237166
9000	0.300207
10000	0.369866
11000	0.448344
12000	0.534089
13000	0.628343
14000	0.727183
15000	0.832994
16000	0.950281
17000	1.070367
18000	1.203224
19000	1.339555
20000	1.484691
21000	1.638667
22000	1.798517
23000	1.967288
24000	2.142181
25000	2.321367
26000	2.511214
27000	2.710019
28000	2.916304
29000	3.115075
30000	3.340471
31000	3.569786
32000	3.807065
33000	4.040148
34000	4.294501
35000	4.536723
36000	4.814647
37000	5.086505
38000	5.364797
39000	5.637523
40000	5.930738
41000	6.233347
42000	6.555565
43000	6.851582
44000	7.185546
45000	7.516312
46000	7.860584
