1000	0.001052
2000	0.004156
3000	0.009378
4000	0.016827
5000	0.025950
6000	0.036843
7000	0.050849
8000	0.066475
9000	0.084415
10000	0.103174
11000	0.125360
12000	0.148129
13000	0.174402
14000	0.203362
15000	0.233837
16000	0.270027
17000	0.299620
18000	0.338563
19000	0.374440
20000	0.419109
21000	0.461060
22000	0.503871
23000	0.546385
24000	0.602053
25000	0.651819
26000	0.701229
27000	0.759753
28000	0.817880
29000	0.870650
30000	0.934430
31000	1.006515
32000	1.069821
33000	1.133771
34000	1.204855
35000	1.279659
36000	1.347547
37000	1.422595
38000	1.501102
39000	1.579954
40000	1.670592
41000	1.747932
42000	1.832604
43000	1.927297
44000	2.014575
45000	2.108746
46000	2.207588
47000	2.295395
48000	2.401637
49000	2.517088
50000	2.614315
51000	2.707888
52000	2.828713
53000	2.947268
54000	3.056837
55000	3.168020
56000	3.275235
57000	3.399793
58000	3.500911
59000	3.610690
60000	3.742671
61000	3.884949
62000	4.027187
63000	4.132089
64000	4.289347
65000	4.405747
66000	4.562480
67000	4.700782
68000	4.824677
69000	4.962490
70000	5.125412
71000	5.282172
72000	5.425487
73000	5.572627
74000	5.717318
75000	5.870404
76000	6.040851
77000	6.218277
78000	6.339651
79000	6.529803
