1000	0.002701
2000	0.010155
3000	0.011757
4000	0.020871
5000	0.032683
6000	0.046456
7000	0.063092
8000	0.082232
9000	0.104053
10000	0.128397
11000	0.155606
12000	0.184849
13000	0.217117
14000	0.252102
15000	0.291619
16000	0.330581
17000	0.371006
18000	0.415638
19000	0.463295
20000	0.516227
21000	0.565862
22000	0.620854
23000	0.678981
24000	0.738726
25000	0.801420
26000	0.867114
27000	0.934733
28000	1.006477
29000	1.079055
30000	1.153913
31000	1.232435
32000	1.312600
33000	1.397454
34000	1.488647
35000	1.571124
36000	1.667469
37000	1.762955
38000	1.851775
39000	1.948464
40000	2.057247
41000	2.153593
42000	2.261904
43000	2.382759
44000	2.486346
45000	2.597685
46000	2.712263
47000	2.831520
48000	2.951674
49000	3.075771
50000	3.202664
51000	3.334239
52000	3.463541
53000	3.597725
54000	3.781978
55000	4.483883
56000	4.046795
57000	4.334182
58000	4.878545
59000	4.712860
60000	4.922409
61000	4.857881
62000	5.029866
63000	5.117770
