100	0.000070
110	0.000280
120	0.000403
130	0.000536
140	0.000686
150	0.000849
160	0.001031
170	0.001237
180	0.001461
190	0.001710
200	0.001979
210	0.002273
220	0.002594
230	0.002942
240	0.003314
250	0.003718
260	0.004163
270	0.004631
280	0.005128
290	0.005657
300	0.006295
310	0.006899
320	0.007540
330	0.008227
340	0.008948
350	0.009705
360	0.010510
370	0.011380
380	0.012309
390	0.013137
400	0.014006
410	0.014943
420	0.015915
430	0.016936
440	0.017982
450	0.019080
460	0.020256
470	0.021431
480	0.022646
490	0.023909
500	0.025143
510	0.026401
520	0.027742
530	0.029088
540	0.030461
550	0.031880
560	0.033357
570	0.034884
580	0.036453
590	0.037942
600	0.039486
610	0.041101
620	0.042751
630	0.044448
640	0.046190
650	0.047976
660	0.049692
670	0.051428
680	0.053226
690	0.055074
700	0.056967
710	0.058908
720	0.060857
730	0.062750
740	0.064697
750	0.066690
760	0.068736
770	0.070832
780	0.072936
790	0.074983
800	0.077087
810	0.079237
820	0.081441
830	0.083691
840	0.085889
850	0.088094
860	0.090349
870	0.092656
880	0.095016
890	0.097360
900	0.099672
910	0.102034
920	0.104450
930	0.106913
940	0.109408
950	0.111824
960	0.114292
970	0.116813
980	0.119379
990	0.121908

100	0.000111
110	0.000376
120	0.000575
130	0.000834
140	0.001104
150	0.001383
160	0.001689
170	0.002016
180	0.002404
190	0.002812
200	0.003254
210	0.003741
220	0.004268
230	0.004879
240	0.005510
250	0.006158
260	0.006872
270	0.007619
280	0.008424
290	0.009468
300	0.010816
310	0.012030
320	0.013463
330	0.014941
340	0.016435
350	0.017020
360	0.017537
370	0.018073
380	0.018635
390	0.019220
400	0.019842
410	0.020468
420	0.021844
430	0.023493
440	0.024943
450	0.025789
460	0.026601
470	0.027402
480	0.028339
490	0.029319
500	0.030342
510	0.031368
520	0.032466
530	0.033949
540	0.035461
550	0.036872
560	0.038124
570	0.039376
580	0.040664
590	0.041978
600	0.043382
610	0.044830
620	0.046395
630	0.047932
640	0.049507
650	0.051049
660	0.052646
670	0.054296
680	0.055922
690	0.057611
700	0.059406
710	0.061242
720	0.063102
730	0.065049
740	0.067037
750	0.069087
760	0.071195
770	0.073355
780	0.075561
790	0.077800
800	0.080141
810	0.082519
820	0.084942
830	0.087444
840	0.090006
850	0.092556
860	0.095214
870	0.097903
880	0.100636
890	0.103452
900	0.106377
910	0.109347
920	0.112323
930	0.115409
940	0.118547
950	0.121811
960	0.125111
970	0.128496
980	0.131973
990	0.135458
